%YAML:1.0
---
K: !!opencv-matrix
   rows: 3
   cols: 3
   dt: d
   data: [ 1.4602644976458184e+03, 0., 8.9973899913968523e+02, 0.,
       1.4651220031034661e+03, 5.3771781481487608e+02, 0., 0., 1. ]
D: !!opencv-matrix
   rows: 1
   cols: 5
   dt: d
   data: [ 7.4846023119495578e-02, -3.5683308653829482e-01,
       -2.9617314139207943e-03, -5.8392039872003781e-03,
       5.1816563429747575e-01 ]
